14772
842805108
0
5256
44860470
23593453
14772
14772
0
14442228
14772
0
834
842805108
877026977
166068
274921919
722334440
44860470
166068
274921919
0
14442228
0
268177867
6
0
941067929
884384050
42360
37217544
913153669
0
274921919
941067929
123276276
996
941067929
0
0
0
0
24
913153669
1487400
941067929
274921919
1487400
36
363913148
268177867
0
0
123276276
941067929
166068
493054202
913153669
6
722334440
44860470
493054202
511687899
123276276
0
23593453
409353085
44860470
268177867
0
884384050
24
0
884384050
0
506376
409353085
274921919
884384050
0
14772
123276276
506376
0
363913148
0
123276276
0
0
877026977
941067929
0
36
941067929
996
44860470
0
42360
722334440
44860470
