45139740
975383135
851175174
251269729
915058942
549111907
13146545
370881579
356181949
871198637
24271918
679636429
105631010
142599939
785194582
867749187
892052840
849105121
107148089
727854202
177549035
315202697
862477216
604071577
318053548
963489927
207041851
160527693
819223361
60418033
520594178
1332059
228411000
0
829974223
494986128
914799065
182866178
278166121
540072375
477802230
90342638
217867350
345001158
811541584
820301871
247248134
664465458
866850286
0
666494380
564701777
185573895
737589172
362306320
419057698
800781634
581282093
714018847
276003068
473686528
774837670
633424753
698196648
959049097
127353996
796234047
329067179
112296553
224336994
922858304
459349577
75925416
270065804
551589191
146531038
162408437
686068300
310382737
336473193
429699595
716629753
41021001
365718591
54541780
807004865
