1
1110111001
0
011010
0
01
0
101100011
2
110101101
1
1010011
1
101000101101
4
1101101101011
1
010101
1
10110111
1
1011010101
0
0100101
0
1111
0
101011001
2
01101101011010
1
110110111001011
1
10110110100111
1
1101101110111
0
0101101
0
1100110111
1
10011101111001
0
111010
0
100110
0
10100110
1
11101110111011
1
01100110110101
1
01100110110
1
010001101110100
0
10111101110111
0
11101011
0
011
0
000111011010
0
01
0
0011100010100
2
0110110011011
1
1110111
1
11011011
2
11011101011
0
1111
0
10111
0
101
0
1110
2
010010101011
0
01111
0
01101
1
0110111
0
11
2
111011110110111
0
1110111
1
11011
0
10
0
110111011101011
1
01010110
0
01101001111
1
01110111011
0
101010
1
01101001011
1
11011
0
1111
2
10110101010101
1
101100111010110
2
0101101011
0
1011010
0
01011010110110
3
0110110101
0
11001011
1
010110
0
0111100100111
0
10010011
2
100110110110101
0
11
0
11
1
011101110001
0
1100010
2
0011101101100
1
1101101110
2
0101011011001
4
110101010110100
0
111101110
1
1010110111
2
110110101100110
0
001
2
101101011
0
010100111
0
11111001
2
101101101011
1
1010
0
00110
0
011
1
10111110111110
0
01
0
11001101
1
001100011011100
1
110110
0
011101110011101
0
00010111
1
11010110
0
010111
0
00
0
10110000101010
0
01
2
110110110110110
0
010
2
01101100110111
1
010110100101
2
0001110110111
1
1011
1
11011
1
10101
0
1101
2
1101011
2
10110110110
0
110
0
01011101010010
0
0111100111
0
10
0
101
1
11011
0
00100010101
0
0110
0
001
0
01
1
111101111
0
101111
0
100101011
2
10110110010110
0
11100
2
01010101010
0
1010010010
0
1111011011
0
101100110110111
2
10111011011
0
011001101011110
0
011
2
00101101011
0
001111001111
0
01101
0
01
0
100101
0
10
0
111
0
11
1
011011011
1
1101100
0
011
1
011101101101011
0
01000011011100
0
010101011
0
111110011011
0
10011010
1
10101011
0
101011
0
111110011001
2
110110011011
0
01011
0
0100
0
1110110011
0
010110
1
001010110111001
0
111
0
110001111010
0
1011
1
101
0
11110011111
1
10101
0
10010001101
0
01011010111011
0
11110111110
1
101
1
11101110
1
1101110111
0
0111
2
10110110101
2
111101110111
1
110111
0
10011
0
10101100001011
2
1101101011
0
1110
1
011011011010
0
10
1
101010101
0
01111
1
0110111
0
11101011101101
0
11111011100101
2
110101
0
11
2
01101101101110
0
011110101
0
1010101
3
111011101110111
0
1011110
1
0011011
0
011100
0
11000111
2
1010110101100
0
101011110
1
00101011
1
10101
0
10111101
0
001101001001010
0
11001110
1
100100100110100
0
11
0
11011100011011
1
1101100110111
0
111110
0
101011001
1
111011101011
0
0100101001111
1
11011101110111
1
101101001
0
0111
0
011111010100010
0
101011
1
110100110101
0
111
1
01110111
0
1100110
0
11
1
1010110
0
01
1
001110011011
0
101
1
1011001
0
0001001
0
0111
2
01011101101110
1
010110110110
1
1101011101001
0
011011
1
110110011001110
0
01101010111
0
110101110101
1
1010
1
01011001011
1
101010110111
1
10110110110
0
111010110101100
1
10101
0
1010
0
0100110110011
0
100001111101101
1
1010110011
0
1011100101011
0
10010010010111
1
11001011
1
10110
2
111011011101
0
00111
1
011011101
0
10
1
10110110111
3
1101101011
0
11111
1
110111001
1
11011011011010
0
01010
2
10101011010101
0
01011111
0
11101
2
1101110011011
1
10110110
2
111011101110
0
1111
0
1101111
2
0101101101011
1
11011011110000
1
11001010100
0
1110111011
2
11110111101111
0
001
0
110110111101110
3
1010110101
0
111101
0
11010001100
0
101
2
1100101010
0
11101
0
1011101111
0
10100011110
2
110111000110110
1
110100110011011
0
111
1
1110111
0
100111
0
00
3
001011010101011
3
010110101010
2
1011011010101
1
111101111
0
1101001111011
1
010110
0
101110101
0
10000101010111
0
10010110
2
0111011011101
1
0110111
0
10
1
001101101111001
1
01001101110111
1
0101011
0
101
1
1011
1
011101110
0
1001111
0
011101
2
01110110111
0
0111
1
11001110111010
0
1101
1
1101101110110
1
111011100101111
1
101001
2
11011010101
1
001011011
2
01010101011
1
11100110110011
0
001011100111
0
011
1
101
1
10101
0
110111
2
101101101110
0
110
0
10
1
110110
1
11011
0
10
1
110110001100
0
110
1
1101110
0
11
0
1011110111
0
11
0
01010
1
11010110110
0
1111011
0
010101111
0
0011
1
1011101111
2
10011010100101
0
11010111
0
0100101101101
0
111001011011
1
01110111
0
010
0
01
0
0101000110000
1
101010101
0
111101010101010
1
0111011101110
1
1010011
0
0001111
0
1010
0
11
0
101100110
3
101101101010011
1
01101101000111
2
11101110111
1
010110011011
0
0001001010
0
01011001111
0
10111010
0
1111
2
110110110101
3
0101001010101
2
111011011
0
111010110
0
0011001
1
010101
1
11001011
0
1111
0
111
0
10111
0
1001
1
110110
2
1101101101
0
010110
0
11
1
11011101011101
0
10
0
010
0
10
1
1001110111
0
11101100011011
0
0010111
0
111100111
1
0011101110011
0
10111
0
01
0
0011011
0
111011
1
11011011
0
0101
0
1011010110011
0
100010101
1
01100101001011
0
11101001
2
110101010100
0
100101110111101
1
110110011
0
1101111
1
1011
2
101011011
0
1110111001
0
01
1
01101011011
1
010110110
1
1011
1
101010110111
1
10101
1
01011101111
0
11
0
10010110011111
1
1011011011
0
100101
1
01010101
0
1101
0
1101111011
0
01010
1
1011
2
111011101110
0
101
2
010110101
2
101101011
0
11
1
110111011101001
0
0110
2
11000101101011
0
011
0
11001
0
0010111
3
110101101101101
0
1011011
0
110101110
0
111
0
11
0
0111011
1
10101101101
0
10010111
0
101110111010
0
11111001100
0
101
3
111011101011011
0
11
1
10110010
0
0011
0
100111
3
10101101101011
3
110101010101100
0
11011011
0
110
0
110011000010
1
110100110001011
2
001010010101011
1
110101
0
11110111
0
011101100111010
1
100101101101101
3
010101010101
0
1110011
1
11011101
1
100110110
1
0110111
0
1101100110
0
101
0
101
0
11011101
1
101011
0
100101
0
11
0
010001110
1
110111001
0
111011000110011
0
111100111101
0
01
1
1010101100
0
11
0
101101011
0
1001
0
0011110111
1
10110011
1
0100100
2
1011011011011
0
111
0
011011
0
11
1
1001010011
0
011100111
1
011011011
0
01101
3
1011010101011
0
110111
1
1101100111010
0
1100011
1
1110110111
0
11
1
110110110111011
1
1101101101
0
10011
0
110110
0
0011
0
0010010111
0
011100010
0
0111
0
1011
2
10110110101
1
111000111011110
0
11001110111
0
1111
1
10110101
0
11101
0
0110111101101
0
10001101010111
1
1101101101
0
110011
1
011011101
1
010111011101110
0
110101010
0
101
0
011101010010111
0
1110
2
0101101011
0
011
1
11011101101100
1
1101011
0
011101101110
1
110111
2
01110110111010
0
10101
1
11011101
1
0110111
0
001101110101111
0
11001
1
11010110110111
1
01110101010110
0
10
1
011011
0
10101110
0
0101111100
0
11
0
110101110
0
1110000
0
1110111101011
0
01111
2
1011011011
1
1011
0
11111
3
101101101011
0
11
0
111110101101010
2
11011010
0
10010111101
0
11
0
11
0
1010110110
0
011
0
10111
1
1101110111100
1
11011
0
10
2
0101011011011
1
101
2
11011011
0
0111010110
3
001101101010010
0
01
3
10101011010101
1
1010110101011
2
10101011
1
011000111011011
1
01010110
2
1101101101
1
101
2
10110110110
1
01101101110101
0
11011
0
011
0
110001
0
1011110111011
0
11
2
1011010101
2
101101011
0
10111
0
110
0
0101110010111
1
101110110111001
1
1001011
0
101010
1
110101100
0
00111
0
11101
0
10111
0
11110111
0
100
2
1101011
0
111100100
0
11
1
110001110111
0
01101011
2
1011010110
1
11100101101100
0
10111
0
111101010111
2
10110110010110
0
10
0
110110
1
111011011001
0
0010
0
1111010
2
110101
2
111011101110111
1
1011011011
0
1101001
0
1110101101
1
11011010110101
1
111011110010111
2
01010110
1
101011001011
0
10110011101011
0
11
1
1101101101
0
11100110101111
0
0010011111
0
111010110
2
11011011
0
111101
1
100111011101111
1
01101101
0
1000101100
0
111011
1
11011
2
110110100111
0
1011
0
1110010
0
00101101011010
4
110101101101011
0
111010110
1
0101011
0
1110111
0
111011011101
0
01
1
1101101101
0
0100
1
110100010110110
2
1011011011
0
111101110
1
1011
0
01
2
110101
0
1011110011
0
101010111001111
0
01111
0
101110
2
01010101010
2
101100110101011
0
101011010111
0
01011000
1
1011011
0
11101
0
1100110
0
11101110110011
1
1011011
0
11101111
0
110011
1
101
0
01111
0
10
0
11001110100111
1
0101010011
0
11101
1
10110110100101
0
01
2
1101011
0
11100010
1
101010010110111
0
11110111011
1
0101101011011
0
01111
0
1010111
1
1101011011
0
00
0
0110111
0
1101101011001
0
1110111
0
1111
1
1110101101101
1
1011011100110
0
1110
0
101110101101011
0
11111011011
0
11
1
110110
0
110000101111011
1
1011
0
111101101010111
1
111101111001111
0
10110111101
1
11011
0
1011
1
11011
0
11100100111
1
11110111101
3
10100101010110
1
0100100010
0
11
1
10111011100
0
100101110111
0
01
2
010111011101001
0
11010111001101
1
111011101
1
010110111
0
111010001110111
0
1001
0
1100101001
1
01011011100
1
11011011010011
0
0101
1
011011
1
1011
1
1011
2
0101101011
2
11110111011101
0
1101100010001
1
101100101001
0
111
1
1110111
0
0110
0
101001011
0
1010
0
00111101111000
1
001101110111011
1
1101011001
3
110110101001010
0
001
0
1011
1
01111101111101
0
10111001010101
0
11
0
10011010
0
011010
1
01011011100
0
1001001101
1
10110111
0
00101
1
0110011011
2
11011001101101
0
101
0
1101
1
001010110010
1
1111011111
0
10010110111011
0
0101101011
0
1001111011101
1
1101101110111
1
101
1
0110111
1
0111011011011
0
0110111
1
1110111011
1
1011011
2
0110111011011
0
1000111001
0
0110110111
1
010110
0
00111011
0
11
1
10110
0
10101
1
1011011101011
0
10110011
0
1101011111
1
0101
1
10110111
0
0101110101
1
011011
2
11110111011101
0
110110011
0
101
0
111
1
011011
0
01
1
1011011001111
0
111101000111
0
00110111
2
101110110111011
0
011101101011011
0
1111
1
110100
1
1111011111
1
010100110100
2
0101110110111
1
1111101111101
2
01101010101
2
11101110111
0
11010111
0
111
1
11101110100
2
10101010110
0
1111000
0
0111001
1
101
1
010110110011
2
0101001101100
0
11011
0
1011001
1
1011
0
1111000110111
0
100101100110111
1
10111101111
1
1101110111
1
1101110100101
0
11000001
0
110100
1
1001101101111
0
001101
0
1110011
1
11101110
1
0011011
1
010110111011101
0
00
0
00010
1
10110101101010
0
010101010
0
1111011001110
0
01111
1
011101111011001
1
1001011
1
10110111010001
0
010111001001011
0
1000101
0
111
1
11001011
0
1001110111
0
0110110
0
110110011011111
2
11101110111
2
01110110111011
2
110110011011010
2
101010110101
0
101001110111
2
0110110010010
0
100101111
0
00011101110
1
010110111
1
1101101100
1
110111
2
1011010101
0
101001
0
00101110
0
110
1
0110111
0
11
1
1100101010
0
100111
0
1110111100111
0
1100111011
0
11101
0
10111
0
00
2
010110110101
0
11011001
0
11
0
110011011
0
01
0
010
0
11110111011
0
11111011
1
110110010
3
101101110110111
0
0111001
1
010110101110111
1
101101101
0
001101011101010
1
1110111100101
1
0101
0
01
0
101
3
110110101
0
010100
1
1101110101
1
101
0
111101111
1
110110101
1
111011011011001
0
10011
1
11011001110111
2
1110110111000
1
1011
0
110110111011
0
1010
1
111101111
0
111010
0
011
1
001010100
0
111
3
110101010101
0
1111100001000
0
11001100110
1
110101101
0
111
0
11101
1
11011
2
111011101110
0
001111000011
2
1010101
0
0110110
1
101
0
10
0
10001
1
01101101
0
1101101
0
00
1
110111000
1
1101101
2
1111011101111
0
1110
1
010110
0
11001
0
10111011111
0
10110111
1
101110101101
0
10110
1
101
1
010101101
1
101
2
101011011011
0
101110110
0
111100
1
01110111001
0
100011010
1
11001010
0
1000111
2
101100100101
0
10010
0
010
1
00110111001
1
1011001
0
01100110000
1
11011
1
010111101111010
0
100111101111
1
110111
0
11101
0
011110
3
110110101
0
10
0
111
0
1011110101111
0
11000
1
10110
2
00101011011
1
1110100011011
1
1011000110111
2
10101010
0
111001
0
01
3
0101010110101
3
1101101011
0
1100111100
0
0111011111
0
01
1
001101101011011
0
11
0
11110110001
0
111011
1
01011
1
0111011101
1
11011101
0
10
0
010111001100
3
0011010100101
0
0010001
0
01100111
0
110
0
01
0
11
1
0101001
1
11011001
1
00111010110101
1
001010
0
1110111
0
11111001011111
1
11001001
2
01101011
0
111010111
3
11010101010101
0
10100
1
10101001100
2
01010101011
0
1001
0
01100111101
0
01001
0
11101111011111
1
1010100
0
11
0
11
