15828
984692484
0
5256
45012750
27320845
15828
15828
0
14633748
15828
0
834
984692484
899875745
173268
262350338
800906174
45012750
173268
262350338
0
14633748
0
269764819
6
0
235591771
899670370
43008
37284360
289307006
0
262350338
235591771
124140564
1092
235591771
0
0
0
0
24
289307006
1499712
235591771
262350338
1499712
36
379535324
269764819
0
0
124140564
235591771
173268
494374394
289307006
6
800906174
45012750
494374394
93195053
124140564
0
27320845
128623513
45012750
269764819
0
899670370
24
0
899670370
0
508680
128623513
262350338
899670370
0
15828
124140564
508680
0
379535324
0
124140564
0
0
899875745
235591771
0
36
235591771
1092
45012750
0
43008
800906174
45012750
