1000
10 2
1111101000
14 4
11111111110111
13 2
0101111111011
13 5
1111111111111
12 3
001001100111
8 5
11111111
13 2
1011110111111
10 2
1100111011
12 2
011010011111
9 4
011110010
12 3
101010111011
4 2
1110
12 5
111101110011
11 5
10111011100
9 3
111100010
5 3
01011
11 5
11101101111
2 2
00
5 3
11000
10 5
0111111101
11 5
10000101011
14 2
00010111111001
4 4
0011
13 4
1100010000011
8 5
10100111
8 2
00110111
13 3
0011011111110
15 4
011101111011010
4 2
1111
8 5
01111111
5 4
10100
4 2
0011
12 4
110001101111
8 2
11010110
10 2
0101110110
4 2
1000
5 3
10111
14 3
10101100101111
6 2
111111
10 2
1100111011
14 5
11101111111011
15 5
111011111111011
6 4
111101
13 4
1011110100111
3 2
111
11 5
11111101111
5 3
10110
13 5
0001011101011
13 4
0101110101011
8 2
01101111
13 2
1111111101111
13 2
1001000110001
15 5
100110001011111
5 2
11111
11 2
11011011001
3 3
111
5 3
11101
3 2
011
5 2
11101
13 2
1111101011001
15 3
101001110111101
4 4
1101
14 3
10101101111111
13 4
0111011101111
5 4
11110
13 3
1011111111011
12 5
111110111011
8 4
10011111
5 3
00110
10 2
0111000111
11 4
11111101111
7 5
1111111
4 2
1011
4 2
1011
15 5
111110111011110
3 3
101
5 2
10110
7 4
0111101
2 2
10
7 4
1011111
14 3
01111111100101
12 3
011011010100
14 3
00001100011100
15 4
011110100111100
2 2
11
13 3
1100110101110
8 4
01111001
9 5
001111011
3 2
100
2 2
10
4 3
0010
9 4
101110100
2 2
10
4 3
1111
7 2
1011100
7 5
0111111
5 4
11111
3 2
011
14 5
10010101001100
8 2
11101101
12 2
111111011111
12 4
011011111110
8 2
10111101
3 3
111
13 2
1111111111010
6 3
010111
6 5
011011
12 5
111110101111
9 2
111111010
14 2
10110111111011
12 3
011110111100
6 3
111010
12 4
110110010101
10 3
1111100111
10 3
1111101101
4 4
1101
13 4
0010101100101
14 2
01011110011101
5 2
00111
14 3
10111010011000
6 3
111111
5 5
11111
12 3
111001111010
10 5
1111101111
5 5
11111
5 3
11111
3 3
011
10 4
0110111111
3 2
011
6 2
101101
14 2
11111111111000
10 4
0101011101
10 2
0101011110
11 3
00101110001
11 5
11101111101
4 3
1101
10 4
0111010101
15 2
111111111000110
15 4
101001110111111
7 2
1100000
11 2
10111010001
11 2
11010010110
4 4
1101
12 4
101111110111
7 3
1110010
11 2
11101111111
9 4
111111110
15 3
011110011111101
14 5
01101111111111
6 3
110111
14 5
01011111111000
8 2
01111111
12 3
100100010101
8 5
11010011
5 5
00111
10 2
0111100011
7 2
1111101
6 5
110001
4 3
0010
13 5
0011111110111
8 5
01011111
9 4
110010111
3 2
110
13 3
0110100011010
7 5
1111111
8 3
11111101
13 3
1110111111111
5 3
10110
5 2
11010
9 5
101110111
13 3
0101111101111
2 2
11
4 2
1101
6 2
010111
2 2
00
4 2
0101
6 5
001011
4 2
1110
4 4
0110
8 5
01111001
9 5
101111111
7 5
0111111
3 2
111
3 3
111
15 2
111010010101011
3 3
011
11 3
11110110001
9 2
011110111
13 2
1101100011111
6 3
111111
12 4
000111011110
10 4
0111110001
13 4
1110111101100
11 3
01011111110
13 4
0101110111110
3 2
011
2 2
01
12 2
100000011110
9 4
110001111
14 2
01001110111111
4 4
1111
4 2
1000
15 2
110101101011111
8 2
11111110
3 3
110
3 2
011
8 3
00110001
15 5
111000110110111
3 3
111
9 5
111001111
8 5
11101110
2 2
11
13 4
1011111010001
12 5
101111111111
9 4
111111101
3 2
101
15 5
111101011101000
3 2
100
2 2
11
3 3
101
14 3
00111001100100
2 2
10
8 3
01010011
2 2
01
12 3
101110001101
14 3
10111001111011
13 5
0101111010101
15 4
111111111111000
13 5
1101110100111
7 2
0100101
9 5
011111000
13 4
1011010101111
6 4
110110
12 4
101101010111
4 2
1110
13 4
1011111011010
7 5
1111000
6 3
111110
13 4
1110111111111
15 4
111101010011100
11 2
10100011111
9 2
111111011
12 2
110011111111
2 2
10
11 2
11010111101
3 2
100
5 2
11111
9 3
111111111
14 4
11010111111010
11 3
11000001010
7 5
1111111
6 3
111011
5 3
00100
8 5
11111111
10 5
0110100110
4 4
1101
8 3
10111111
2 2
11
5 2
11000
3 3
111
8 4
01110101
10 3
1101001001
11 3
11111011111
14 4
11110111100110
15 3
101111111111111
12 2
011010011011
11 4
11110101111
4 3
1111
5 2
01111
7 5
1001010
13 4
1111100111111
15 2
111010111111101
15 5
101100011110010
6 2
111000
5 4
01001
11 3
11111000111
8 5
11011111
14 5
11111110110001
9 3
000001111
7 2
1111110
15 4
110011010110111
13 3
1100001111011
8 2
11011011
14 2
01111010100101
11 5
11111011111
8 4
10111111
7 3
1111101
9 4
111011111
14 5
01101111111111
11 5
10011111101
8 2
11101111
9 4
101111110
15 4
011111111010010
9 2
111110111
10 3
1010101111
12 5
111111110100
4 3
1101
9 4
100010111
10 5
1111100111
6 2
011111
11 3
11011111110
11 3
00110101010
9 4
111110111
6 5
111101
15 5
101111101101111
14 2
11111101100000
10 3
1111100110
14 2
01101111110110
6 3
101111
12 2
111101011111
2 2
11
4 2
0110
15 5
101111101010111
4 4
1001
5 5
11110
15 5
110111111001011
11 2
11000111001
6 5
111111
11 4
11001001111
5 3
01111
13 2
1011010111111
14 3
01110111110101
11 2
00011101011
5 4
00011
2 2
11
11 2
00111101111
6 4
100110
10 5
1011010111
15 2
101001101110111
4 4
0110
9 3
011110111
8 2
11111100
5 5
00110
13 5
1011100011111
10 4
1111001010
8 3
01100110
2 2
01
7 5
1011100
5 4
11011
2 2
10
6 4
111100
6 3
101111
3 3
010
13 3
0111111111011
14 2
01111111010101
7 2
1011100
10 5
1011101101
13 5
1011110111101
12 4
010110111111
15 5
101111100010011
7 5
1111110
14 2
11111011110110
2 2
10
12 4
111011111111
11 5
11111100101
7 2
1111001
4 2
1111
8 3
01111011
7 5
1101011
6 2
010111
7 3
1111111
9 2
111100110
13 3
0111010011101
12 4
011110101011
7 3
1111111
5 3
11111
7 3
1111010
13 5
0110011111011
6 5
011111
8 5
11110111
15 4
111110111110111
7 4
0111111
7 5
1111111
12 3
110111100100
10 5
1010010011
2 2
10
11 3
11111111011
6 4
110011
2 2
10
9 5
110111100
8 4
11101101
8 4
10101101
5 2
10010
15 3
110111111011010
2 2
01
2 2
11
4 3
1101
8 2
11110110
13 4
1111111101100
10 5
1110111101
5 3
10101
15 4
111011111110101
12 5
111000011111
8 4
00110010
2 2
00
9 3
100101111
4 4
1001
14 3
11001000101110
7 3
1111101
11 3
11110101111
15 2
111111011110011
4 4
1101
4 2
1010
11 4
10111111101
11 3
10111110010
2 2
10
6 4
010001
7 2
1111011
11 2
01011010101
2 2
11
9 2
111100101
3 2
100
8 5
00001101
3 3
111
7 2
1110011
6 5
011111
2 2
11
12 5
011100100111
5 4
10111
2 2
10
6 5
011011
11 4
01101011110
13 3
0001111111101
9 5
110111100
8 5
10011101
7 5
1111110
6 5
111100
6 2
111011
8 3
11101101
5 2
11110
3 2
111
8 4
01101101
3 3
110
2 2
00
6 2
110101
3 3
010
15 3
110000111111111
15 5
111011110011011
14 3
11010101111110
6 4
110011
14 5
10111010010110
6 2
101010
9 5
110011011
11 5
01100011100
2 2
11
4 3
0101
13 4
0111100110111
15 2
100111011111101
11 2
11011111101
7 5
1100101
7 3
0010111
8 5
11111001
7 2
0100011
15 2
111110100111111
15 2
001011111010011
14 5
01101000000111
2 2
11
5 2
00101
13 4
1001111111011
7 5
1111111
4 2
1000
15 5
001111010111101
11 4
01011001101
12 3
011110111011
3 3
101
12 4
001111110010
2 2
11
2 2
11
12 2
111111110011
3 2
111
5 5
11100
13 2
1110011011111
4 4
1111
13 5
0111001111111
11 3
01011110011
12 4
111110011010
4 4
1111
13 4
1111111000010
10 4
1110111111
13 2
1000111111111
5 5
01110
8 4
11011010
15 2
111111001001111
5 2
01110
3 3
101
14 3
10001111111111
13 3
0101011111010
14 5
11111011110011
11 5
10111100100
2 2
10
3 3
110
3 2
111
13 4
1111111111001
3 3
110
4 3
1111
14 5
10111111110001
3 2
100
13 3
1110101001100
14 5
11110011111111
13 2
0111111111010
2 2
11
11 4
11101001010
12 3
101010000011
3 3
111
12 3
111111111111
6 5
110110
14 2
11011111111111
8 3
01110110
9 5
011101111
10 3
1111110100
3 3
001
3 2
111
10 5
0010110010
2 2
10
12 3
111011111101
9 2
100100001
7 3
1111111
14 4
11110111011010
15 3
110110111111111
14 5
01001100101101
8 2
10011010
12 3
110101011011
6 2
010001
5 2
11110
8 2
11111110
7 3
0001011
7 5
0111111
7 4
1110010
9 5
011010011
3 3
101
9 4
111111010
15 3
110011101001110
3 3
000
9 4
000111011
9 2
011101001
14 4
10111010111111
12 3
000111011110
14 5
11110101001111
2 2
11
8 3
11110001
2 2
11
6 5
111010
13 3
1110110111101
9 5
010011011
6 3
111111
14 4
11010001111011
6 3
010100
8 5
11101111
7 3
1111001
8 4
11101111
9 4
111111111
14 5
01011011001110
11 4
01101001101
9 3
111110111
4 2
1111
8 2
00010100
3 3
011
5 5
11101
3 2
011
12 2
110111111001
12 5
111010101110
10 2
1110101111
8 3
11111101
4 4
1101
5 3
01110
11 2
11111111010
6 2
111111
9 2
010111100
3 3
010
11 2
11101001101
7 3
1110110
3 3
100
2 2
11
8 3
11111111
12 4
110011111011
7 2
1111111
8 3
01100111
4 2
1011
13 5
1011110111110
7 5
0100011
8 2
10001111
6 2
101110
12 3
001010111011
9 3
101111010
4 2
1111
3 2
111
10 4
1111100100
9 3
011100111
11 4
00111111011
3 2
011
10 3
1000101111
10 2
0011111111
8 2
11110001
8 5
01101010
7 4
0111110
5 3
10100
8 5
10111101
14 2
10111011100101
12 3
000110111001
5 3
01101
5 5
01001
12 2
011011011011
11 3
01101101001
13 5
1010111101011
2 2
11
10 4
1101111010
12 2
110011101011
15 4
001101110001100
6 3
100101
9 5
111111101
11 5
11111101111
13 3
1111110111111
5 2
00110
10 3
0111001010
7 2
0111111
4 3
1101
9 3
111110110
4 4
1010
14 5
10111111101111
4 4
0010
11 2
00110000111
5 2
11110
9 3
111101001
4 2
1011
2 2
11
15 3
111001110000011
9 3
110010111
13 5
0010001111101
15 5
111111111111110
9 3
011101100
11 5
10111111100
3 2
111
15 3
101001101110110
4 2
1111
8 2
11011101
14 4
01110111011101
13 3
1101111000101
10 4
1111111111
8 5
11011101
5 5
10111
10 5
0111011111
5 5
11101
7 3
1100011
10 4
1000101111
13 2
1110101000011
11 5
00100111000
8 4
10011111
14 5
00011001111100
15 3
110110101111110
12 2
011110101011
3 2
001
3 3
110
4 2
1000
15 2
111110111011111
2 2
11
9 5
110101111
11 2
11110101110
11 5
11110001011
12 5
111100010101
14 4
10111011110011
15 2
111111111110011
15 4
101111010011110
5 2
10010
9 2
001111110
12 2
101111010111
13 3
1101110110111
2 2
00
4 4
1001
12 4
111110111010
14 3
10101011111011
7 3
0001101
2 2
11
14 4
01110111000011
10 2
1000010100
15 4
011100101011111
14 2
10111111110101
14 5
01110111111110
15 4
011000101001101
13 4
1110010101111
10 5
1111110111
4 2
1010
12 5
011111000011
14 5
00110011110001
9 2
111001001
3 3
101
2 2
11
8 5
11100101
9 2
011011110
3 3
110
8 2
00110111
8 3
11011101
8 3
01111101
15 4
010110111111011
2 2
11
6 5
110111
6 3
100111
6 5
101101
5 4
10101
7 4
1111011
15 4
101110100110011
14 2
01011001111010
14 2
11101111110111
4 2
1011
15 3
101110001111111
2 2
00
15 5
111111110000111
6 4
101110
15 4
101001101111101
5 5
11111
6 3
111011
11 3
11111010011
14 5
11110111011111
9 5
111101111
12 2
011001101011
15 2
101101111001110
4 3
1111
12 5
111111100101
7 3
0101111
11 2
10111011111
7 2
1111111
13 2
1101111110101
3 2
101
14 4
10011111001010
7 3
1100010
14 3
01101111010100
12 2
011111110110
12 5
010111111111
11 5
11110001100
14 3
01101000111011
13 2
1110111111101
3 3
001
8 2
00001111
11 2
10111110101
6 2
111010
8 5
11011101
3 2
111
14 3
11111011111111
2 2
11
8 2
11111101
8 5
01001101
12 2
111111000111
7 2
1100101
5 3
11111
11 2
10111111111
9 2
111010111
6 2
010111
10 4
1111011101
8 3
10101111
7 3
1111101
15 3
101100011001111
6 2
011011
11 5
01001110111
15 5
101101111111001
13 5
0111011011010
8 4
11010101
3 3
101
13 5
1010111101111
11 5
01110111011
14 2
11111111101100
3 2
111
12 5
111111110001
5 5
11111
8 5
11111111
6 5
010110
9 4
000111111
7 3
0011011
7 3
1101010
9 5
001110111
3 2
101
8 2
01110011
11 3
01011011011
6 3
111111
9 5
111011110
2 2
10
2 2
11
2 2
01
3 2
110
7 5
1110110
10 4
0101101110
10 3
0110110101
13 4
1110101111111
9 5
110011110
6 4
111001
4 2
1011
3 2
011
14 2
01101111001011
11 5
11111101011
8 4
01010011
2 2
01
14 2
11101011011111
5 5
11111
10 4
1110011010
3 2
111
9 2
111111010
3 2
111
7 5
1110111
2 2
11
12 5
011000111111
3 2
000
9 5
111110111
10 5
1111111111
3 3
101
3 3
011
10 3
1010101001
15 2
010011100011010
13 3
1111101101001
12 2
010011101101
6 5
111111
15 4
101110110110100
6 3
010111
14 5
11011111111111
5 5
01101
8 5
00011111
6 3
010111
2 2
11
8 3
11100101
11 3
11001101110
3 3
101
15 4
011111011010111
3 2
111
2 2
11
5 2
11111
4 2
1111
2 2
10
7 3
0100101
11 4
11011101011
12 5
011111101010
9 5
110110111
13 5
0101111101111
6 3
000011
8 5
11011010
5 4
00000
8 5
01110101
8 5
00011111
7 4
1110111
4 2
1000
4 3
1011
5 2
01110
15 5
111011111111111
6 4
010101
4 2
1111
8 3
11011111
6 5
011101
12 5
111111111111
10 3
1100011011
6 4
111110
14 2
10101111111001
15 3
111101111100111
3 2
111
10 5
1101011100
6 2
101110
8 4
00100111
11 3
10101101111
7 2
1111011
5 3
11011
9 2
111111111
10 3
1111111110
10 4
1110111110
3 3
110
5 5
10011
7 5
1101111
2 2
11
10 3
0011110010
13 4
1010111111111
15 5
001110110100111
9 2
111101100
5 4
00100
14 4
01111101011111
6 5
011011
4 2
0110
13 5
1110000011000
7 4
1111001
15 2
010111101011111
15 3
001111011101111
4 4
0110
7 3
1100111
10 5
1010011101
8 2
10011111
5 3
11010
10 2
0111101011
3 2
111
6 5
111111
2 2
11
12 2
111111111110
4 4
1111
10 4
1011100110
15 2
101011110000011
3 2
101
10 3
1101111110
7 2
1010011
12 3
101100101111
10 2
1110100101
11 4
01000011111
6 3
100110
4 4
1011
4 4
1011
6 5
000011
3 2
111
2 2
11
7 4
1110100
9 4
111101110
8 4
00111111
12 5
110111010001
15 3
000110101111011
14 4
11111011101111
11 5
11111101111
13 5
1111110111101
15 4
111111010111111
14 2
10111111100001
6 4
111001
10 4
1110110111
5 2
01111
13 4
1110111110111
7 5
0011101
13 2
1111000110111
5 5
01111
13 4
0010101100110
13 3
1111101001111
14 2
11110101111111
13 3
0110101011100
7 5
1011101
7 3
1011001
4 4
0000
14 2
11110110010111
15 3
011110001110000
7 2
1110111
5 2
11111
6 3
110110
9 4
000111110
6 2
111110
2 2
10
10 5
0101111001
6 5
110110
3 2
000
8 4
11111110
8 2
01111111
2 2
11
14 5
10101111001101
11 3
01111100001
9 5
010110010
2 2
11
13 5
1001111101111
10 3
0111100111
10 4
1011111101
3 2
101
2 2
10
10 4
1111111111
4 3
1111
7 5
1101001
11 5
10011001111
5 5
10101
5 3
01110
15 4
111111111101011
5 4
00100
3 2
111
4 3
1011
12 5
111011011100
8 2
11010110
3 3
111
8 3
11111111
4 3
1011
14 2
01101101001111
9 3
110001101
7 5
1111101
14 2
00011000010110
7 4
1010111
2 2
10
2 2
01
2 2
11
8 5
10111111
7 4
1010011
2 2
11
14 3
11010111101011
12 3
110110111101
15 5
011111111111011
3 2
101
3 3
110
8 5
11101110
4 2
0111
7 2
1010111
12 4
111111100010
5 2
10110
15 4
101010101010111
13 3
1011111111111
7 3
0011111
5 2
00111
6 5
000100
3 2
010
5 2
01100
10 2
1111111001
5 5
11100
6 4
111110
4 2
1110
4 4
1110
4 2
0111
7 4
1101111
5 3
11100
10 3
1110111100
8 4
01111111
7 3
1111011
